一.数组相关问题（15个问题）
    283     27      26      80
    75      88      215
    167     125     344     345     11（对撞指针）
    209     3       438     76（滑动窗口技术）

二.查找表相关问题（18个问题）
    349     350     242     202     290     205     451
    1       15      18      16
    454     49
    447     149
    219     217
    220

三.在链表中穿针引线（19）
    206     92      83      86      328     2       445
    203     82      21
    24      25      147     148
    237
    19      61      143     234（双索引技术）

四.栈、队列、优先队列（15）
    20      150     71
    144     94      145（二叉树的前序，中序，后序遍历算法）
    102     107     103     199
    279     127     126（图中队列）
    347     23（优先队列）

五.二叉树和递归（19）
    104     111
    226     100     101     222     110
    112     404（注意递归的终止条件）
    257     113     257
    437
    235     98      450     108     230     236

六.递归和回溯法
    17      93      131
    46      47（排列问题）
    77

